467
484
199
244
257
411
228
384
27
476
402
315
57
353
23
72
35
187
254
103
262
148
239
369
251
334
299
347
290
419
0
223
269
282
150
371
475
130
123
85
311
414
11
256
32
91
47
28
195
265
89
432
452
2
404
366
153
121
160
468
161
126
168
466
86
97
427
326
3
487
87
338
110
227
492
441
417
38
349
261
118
497
443
403
45
117
92
274
410
197
59
145
146
181
433
69
473
119
336
209
454
436
43
132
98
8
293
260
276
264
500
406
51
412
465
439
166
407
382
186
164
182
284
55
36
83
285
106
34
105
243
175
400
494
429
215
397
7
351
280
221
79
26
319
122
499
210
365
66
107
425
234
387
291
364
24
33
287
242
62
178
250
94
288
245
226
211
398
445
191
354
415
305
143
90
281
381
188
238
163
253
458
378
25
189
271
306
61
169
461
17
431
29
70
64
41
490
292
111
177
114
255
184
272
125
225
273
496
252
361
345
206
196
22
304
42
10
379
277
142
453
437
162
60
341
418
266
52
408
219
141
49
450
368
446
258
308
116
128
322
183
423
455
464
198
389
471
459
237
44
489
15
84
179
231
451
50
185
395
317
82
297
493
396
14
263
482
448
312
377
203
320
374
176
216
76
205
140
129
240
332
428
422
330
217
248
200
390
383
156
53
401
135
327
170
40
48
391
328
155
56
74
77
16
30
435
355
301
167
220
235
300
289
172
131
460
246
31
194
247
485
463
359
12
134
95
249
6
307
190
373
409
342
358
88
112
5
426
20
488
120
314
421
9
420
204
78
346
154
13
115
236
63
357
474
37
386
71
495
335
147
101
149
486
385
394
372
65
302
144
449
283
405
214
376
165
356
124
380
1
208
337
102
139
478
229
202
469
375
462
440
333
201
491
457
108
158
316
275
470
350
138
171
137
113
207
267
212
136
295
442
18
151
100
438
157
68
296
241
483
99
96
321
339
39
472
294
329
233
21
259
159
298
133
286
348
230
331
73
109
367
192
416
173
268
213
75
481
58
324
480
370
270
46
278
343
323
363
81
352
325
498
444
180
232
434
392
4
279
218
127
222
174
19
224
424
456
344
54
388
430
362
67
479
360
413
310
80
193
313
477
447
303
309
104
399
318
93
393
340
